847,5
847,4
847,3
847,2
847,1
847,0
846,5
846,4
846,3
846,2
846,1
846,0
845,4
845,3
845,2
845,1
845,0
844,5
844,4
844,3
844,2
844,1
844,0
843,5
843,4
843,3
843,2
843,1
843,0
842,3
842,2
842,1
842,0
841,4
841,3
841,2
841,1
841,0
840,3
840,2
840,1
840,0
839,3
839,2
839,1
839,0
838,4
838,3
838,2
838,1
838,0
837,4
837,3
837,2
837,1
837,0
836,6
836,5
836,4
836,3
836,2
836,1
836,0
835,9
835,8
835,7
835,6
835,5
835,4
835,3
835,2
835,1
835,0
885,3
834,4
834,3
834,2
834,1
834,0
925,3
833,5
833,4
833,3
833,2
833,1
833,0
40,5
40,4
40,3
40,2
38,4
38,3
4,3
2,71
2,69
2,34
2,33
2,29
2,28
2,27
2,26
2,22
2,21
2,20
2,17
2,14
2,12
2,11
2,9
2,8
2,7
2,6
2,5
2,4
2,3
1,5
1,4
1,3
0,637
0,611
0,578
0,497
0,485
0,480
0,473
0,463
0,462
0,412
0,375
0,355
0,336
0,324
0,9
0,0
0,1
0,629
0,527
0,364
0,342
0,656
0,300
0,642
0,299
0,669
0,298
0,638
0,297
0,677
0,296
0,668
0,295
0,646
0,294
0,616
0,293
0,680
0,292
0,291
0,663
0,290
0,289
0,660
0,288
0,691
0,287
0,632
0,286
0,672
0,285
0,686
0,284
0,622
0,283
848,0
848,1
848,3
848,4
848,6
848,7
848,9
848,11
848,12
849,1
849,2
849,4
849,6
850,0
850,2
850,3
851,1
851,2
852,0
852,2
852,3
853,0
853,1
853,3
854,1
854,2
855,0
855,1
855,3
855,4
855,6
855,8
855,9
855,11
855,12
856,0
856,2
856,3
857,0
857,1
857,3
857,4
858,0
858,2
858,3
858,5
858,6
858,8
859,0
859,1
859,3
860,0
860,2
860,4
860,5
861,1
861,2
862,0
862,1
862,3
863,1
863,2
864,0
864,1
864,3
865,1
865,2
866,0
866,1
866,3
867,0
867,2
868,0
868,1
868,3
868,4
868,6
868,8
868,9
869,1
869,2
869,4
869,5
870,1
870,3
870,4
871,1
871,2
871,4
872,0
872,1
872,3
873,0
873,2
874,0
874,1
874,3
874,4
875,1
875,2
875,4
876,1
876,2
876,4
877,0
877,2
878,0
878,1
878,3
878,4
879,1
879,2
880,0
880,2
880,3
881,0
881,1
881,3
881,5
881,6
881,8
881,9
882,1
882,2
882,4
882,6
883,0
883,2
883,3
884,1
884,3
885,0
885,2
885,4
885,6
886,0
886,2
887,0
887,1
887,3
887,4
887,6
888,0
888,1
888,3
889,0
889,2
890,0
890,1
890,3
890,4
891,1
891,2
891,4
892,0
892,1
892,3
893,0
893,2
893,4
894,0
894,2
894,3
895,0
895,1
895,3
896,1
896,2
896,4
897,0
897,2
897,4
897,5
897,7
897,8
898,0
898,1
898,3
898,5
899,0
899,2
899,3
899,5
900,1
900,2
900,4
901,0
901,2
902,0
902,1
902,3
902,4
902,6
902,7
902,9
903,1
903,2
903,4
903,5
904,1
904,3
904,4
905,1
905,2
906,0
906,1
906,3
907,1
907,2
908,0
908,1
908,3
908,5
908,6
909,0
909,1
909,3
909,4
909,6
910,1
910,2
911,0
911,1
911,3
912,0
912,1
912,3
913,0
913,2
913,3
914,0
914,2
914,3
915,0
915,1
915,3
915,5
916,0
916,2
916,3
917,0
917,2
917,3
918,0
918,1
918,3
919,0
919,2
920,0
920,1
920,3
920,4
921,1
921,3
922,0
922,2
922,3
923,1
923,2
923,4
924,1
924,2
924,4
925,0
925,2
925,5
925,6
926,1
926,2
926,4
926,5
926,7
926,9
926,10
926,12
926,13
926,15
926,17
927,0
927,2
927,3
928,0
928,2
928,3
928,5
928,6
929,1
929,2
929,4
930,0
930,1
930,3
930,4
930,6
931,1
931,2
931,4
932,0
932,2
932,3
932,5
934,1
934,2
935,0
935,1
935,3
936,1
936,2
936,4
936,5
937,1
937,2
937,4
937,6
938,0
938,2
938,3
939,0
939,2
939,3
940,1
940,2
941,0
941,2
941,3
942,0
942,1
942,3
943,0
943,2
943,4
943,5
943,7
944,0
944,2
945,0
945,1
945,3
945,4
946,1
946,2
946,4
947,0
947,1
947,3
947,4
948,0
948,2
948,3
949,1
949,2
950,0
950,1
950,3
951,1
951,2
951,4
952,0
952,2
953,0
953,1
953,3
954,0
954,2
954,3
955,0
955,2
955,3
956,0
956,1
956,3
957,1
957,2
957,4
957,5
958,0
958,2
958,3
958,5
959,0
959,2
959,3
959,5
959,7
959,8
960,1
960,2
960,4
961,0
961,1
961,3
961,4
961,6
962,0
962,2
962,4
963,0
963,2
963,3
963,5
964,1
964,2
964,4
965,0
965,2
965,3
966,1
966,3
967,0
967,2
967,3
968,0
968,2
968,3
968,5
969,0
969,2
970,0
970,1
970,3
971,0
971,2
971,3
972,1
972,3
972,4
973,0
973,1
973,3
974,1
974,2
974,4
975,0
975,2
975,3
976,1
976,3
976,4
976,6
976,7
976,9
976,11
976,12
976,14
976,15
977,0
977,1
977,3
978,0
978,1
978,3
978,4
979,0
979,2
979,3
980,0
980,1
980,3
981,0
981,2
981,4
981,5
981,7
981,8
981,10
982,0
982,1
982,3
983,0
983,2
983,4
983,5
983,7
983,8
984,1
984,2
984,4
985,1
985,2
985,4
986,0
986,2
986,4
987,0
987,2
987,3
988,1
988,2
989,0
989,2
989,3
990,1
990,2
990,4
991,0
991,1
991,3
991,4
992,1
992,2
992,4
993,1
993,2
994,0
994,1
994,3
995,1
995,2
996,0
996,1
996,3
996,5
997,0
997,2
997,3
998,0
998,1
998,3
998,5
998,6
999,1
999,2
999,4
1000,0
1000,1
1000,3
1000,4
1001,0
1001,1
1001,3
1002,1
1002,2
1003,0
1003,1
1003,3
1004,1
1004,2
1005,0
1005,1
1005,3
1005,4
1006,1
1006,3
1006,4
1007,1
1007,2
1008,0
1008,2
1008,3
1009,1
1009,2
1010,0
1010,1
1010,3
1011,1
1011,2
1011,4
1012,0
1012,2
1013,0
1013,1
1013,3
1013,4
1014,1
1014,3
1015,0
1015,2
1015,3
1015,5
1015,6
1016,1
1016,3
1016,4
1017,1
1017,2
1017,4
1018,1
1018,2
1019,0
1019,1
1019,3
1019,4
1020,1
1020,3
1020,4
1020,6
1021,0
1021,2
1022,0
1022,1
1022,3
1023,0
1023,2
1023,3
1023,5
1023,7
1023,8
1023,10
1023,11
1023,13
1024,1
1024,2
1024,4
1025,0
1025,2
1025,4
1026,0
1026,2
1026,3
1027,0
1027,1
1027,3
1028,1
1028,2
1028,4
1028,5
1028,7
1029,0
1029,1
1029,3
1029,4
1029,6
1030,0
1030,2
1030,4
1030,5
1030,7
1030,8
1031,1
1031,3
1031,4
1032,0
1032,1
1032,3
1033,0
1033,2
1034,0
1034,1
1034,3
1035,0
1035,2
1036,0
1036,1
1036,3
1036,4
1037,1
1037,3
1038,0
1038,2
1038,3
1039,1
1039,2
1039,4
1040,1
1040,2
1040,4
1040,5
1041,0
1041,2
1041,3
1041,5
1041,6
1042,1
1042,2
1042,4
1042,6
1043,0
1043,2
1043,3
1043,5
1044,1
1044,2
1045,0
1045,1
1045,3
1046,0
1046,2
1047,0
1047,1
1047,3
1047,4
1048,0
1048,2
1048,3
1049,0
1049,1
1049,3
1049,4
1050,0
1050,2
1050,3
1051,0
1051,1
1051,3
1052,1
1052,2
1053,0
1053,1
1053,3
1053,5
1053,6
1054,1
1054,2
1055,0
1055,1
1055,3
1056,0
1056,1
1056,3
1056,4
1057,0
1057,2
1057,3
1057,5
1058,0
1058,2
1058,3
1059,1
1059,3
1059,4
1060,0
1060,1
1060,3
1061,0
1061,1
1061,3
1061,4
1062,0
1062,1
1062,3
1063,1
1063,2
1063,4
1064,0
1064,2
1064,4
1065,0
1065,2
1065,3
1065,5
1065,7
1066,0
1066,2
1066,3
1067,1
1067,2
1067,4
1071,1
1071,2
1072,0
1072,1
1072,3
1073,1
1073,2
1074,0
1074,1
1074,3
1075,0
1075,2
1076,0
1076,1
1076,3
1076,4
1077,1
1077,3
1077,4
1078,1
1078,2
1079,0
1079,1
1079,3
1080,0
1080,1
1080,3
1081,0
1081,2
1082,0
1082,1
1082,3
1083,0
1083,2
1083,3
1100,1
1100,3
1101,0
1101,2
1101,3
1102,1
1102,3
1103,0
1103,2
1103,3
1104,1
1104,3
1105,0
1105,2
1105,3
1106,1
1106,2
1106,4
1107,1
1107,2
1107,4
1108,0
1108,2
1110,0
1110,1
1110,3
1111,0
1111,2
1111,3
1112,1
1112,3
1113,0
1113,2
1113,3
1114,1
1114,3
1115,0
1115,2
1115,3
1116,1
1116,2
1117,0
1117,2
1117,3
1118,1
1118,2
1119,0
1119,2
1119,3
1120,1
1120,2
1121,0
1121,2
1121,3
1122,1
1122,2
1123,0
1123,1
1123,3
1124,0
1124,1
1124,3
1124,4
1126,1
1126,3
1127,0
1127,2
1127,3
1128,1
1128,2
1128,4
1131,1
1131,2
1133,0
1133,1
1133,3
1136,0
1136,1
1136,3
1137,0
1137,2
1137,3
1137,5
1139,1
1139,2
1140,0
1140,1
1140,3
1141,1
1141,2
1142,0
1142,1
1142,3
1143,0
1143,2
1144,0
1144,1
1144,3
1146,0
1146,2
1146,4
1146,5
1147,0
1147,1
1147,3
1147,4
1147,2
1146,6
1146,3
1146,1
1144,2
1143,3
1143,1
1142,2
1141,3
1141,0
1140,2
1139,3
1139,0
1137,4
1137,1
1136,2
1133,4
1133,2
1131,3
1131,0
1128,3
1128,0
1127,1
1126,2
1126,0
1124,2
1123,4
1123,2
1122,3
1122,0
1121,1
1120,3
1120,0
1119,1
1118,3
1118,0
1117,1
1116,3
1116,0
1115,1
1114,2
1114,0
1113,1
1112,2
1112,0
1111,1
1110,2
1108,3
1108,1
1107,3
1107,0
1106,3
1106,0
1105,1
1104,2
1104,0
1103,1
1102,2
1102,0
1101,1
1100,2
1100,0
1083,1
1082,2
1081,3
1081,1
1080,2
1079,4
1079,2
1078,3
1078,0
1077,2
1077,0
1076,2
1075,3
1075,1
1074,2
1073,3
1073,0
1072,2
1071,3
1071,0
1067,3
1067,0
1066,1
1065,6
1065,4
1065,1
1064,3
1064,1
1063,3
1063,0
1062,2
1061,5
1061,2
1060,4
1060,2
1059,5
1059,2
1059,0
1058,1
1057,4
1057,1
1056,5
1056,2
1055,4
1055,2
1054,3
1054,0
1053,4
1053,2
1052,3
1052,0
1051,2
1050,4
1050,1
1049,5
1049,2
1048,4
1048,1
1047,5
1047,2
1046,3
1046,1
1045,2
1044,3
1044,0
1043,4
1043,1
1042,5
1042,3
1042,0
1041,4
1041,1
1040,6
1040,3
1040,0
1039,3
1039,0
1038,1
1037,2
1037,0
1036,2
1035,3
1035,1
1034,2
1033,3
1033,1
1032,2
1031,5
1031,2
1031,0
1030,6
1030,3
1030,1
1029,5
1029,2
1028,8
1028,6
1028,3
1028,0
1027,2
1026,4
1026,1
1025,3
1025,1
1024,3
1024,0
1023,12
1023,9
1023,6
1023,4
1023,1
1022,2
1021,3
1021,1
1020,5
1020,2
1020,0
1019,2
1018,3
1018,0
1017,3
1017,0
1016,2
1016,0
1015,4
1015,1
1014,2
1014,0
1013,2
1012,3
1012,1
1011,3
1011,0
1010,2
1009,3
1009,0
1008,1
1007,3
1007,0
1006,2
1006,0
1005,2
1004,3
1004,0
1003,2
1002,3
1002,0
1001,2
1000,5
1000,2
999,5
999,3
999,0
998,4
998,2
997,4
997,1
996,4
996,2
995,3
995,0
994,2
993,3
993,0
992,3
992,0
991,2
990,5
990,3
990,0
989,1
988,3
988,0
987,1
986,3
986,1
985,3
985,0
984,3
984,0
983,6
983,3
983,1
982,2
981,11
981,9
981,6
981,3
981,1
980,2
979,4
979,1
978,5
978,2
977,4
977,2
976,16
976,13
976,10
976,8
976,5
976,2
976,0
975,1
974,3
974,0
973,2
972,5
972,2
972,0
971,1
970,2
969,3
969,1
968,4
968,1
967,4
967,1
966,2
966,0
965,1
964,3
964,0
963,4
963,1
962,3
962,1
961,5
961,2
960,5
960,3
960,0
959,6
959,4
959,1
958,4
958,1
957,6
957,3
957,0
956,2
955,4
955,1
954,4
954,1
953,2
952,3
952,1
951,3
951,0
950,2
949,3
949,0
948,1
947,5
947,2
946,5
946,3
946,0
945,2
944,3
944,1
943,6
943,3
943,1
942,2
941,4
941,1
940,3
940,0
939,1
938,4
938,1
937,5
937,3
937,0
936,3
936,0
935,2
934,3
934,0
932,4
932,1
931,3
931,0
930,5
930,2
929,5
929,3
929,0
928,4
928,1
927,4
927,1
926,16
926,14
926,11
926,8
926,6
926,3
926,0
925,4
925,1
924,3
924,0
923,3
923,0
922,1
921,2
921,0
920,2
919,3
919,1
918,2
917,4
917,1
916,4
916,1
915,4
915,2
914,4
914,1
913,4
913,1
912,2
911,4
911,2
910,3
910,0
909,5
909,2
908,7
908,4
908,2
907,3
907,0
906,2
905,3
905,0
904,2
904,0
903,3
903,0
902,8
902,5
902,2
901,3
901,1
900,3
900,0
899,4
899,1
898,4
898,2
897,9
897,6
897,3
897,1
896,3
896,0
895,2
894,4
894,1
893,3
893,1
892,2
891,5
891,3
891,0
890,2
889,3
889,1
888,2
887,7
887,5
887,2
886,3
886,1
885,5
885,1
884,2
884,0
883,1
882,5
882,3
882,0
881,7
881,4
881,2
880,4
880,1
879,3
879,0
878,2
877,3
877,1
876,3
876,0
875,3
875,0
874,2
873,3
873,1
872,2
871,5
871,3
871,0
870,2
870,0
869,3
869,0
868,7
868,5
868,2
867,3
867,1
866,2
865,3
865,0
864,2
863,3
863,0
862,2
861,3
861,0
860,3
860,1
859,2
858,9
858,7
858,4
858,1
857,5
857,2
856,4
856,1
855,13
855,10
855,7
855,5
855,2
854,3
854,0
853,2
852,4
852,1
851,3
851,0
850,1
849,5
849,3
849,0
848,10
848,8
848,5
848,2
0,659
0,282
0,690
0,281
0,280
0,693
0,279
0,278
0,603
0,277
0,702
0,276
0,662
0,275
0,274
0,273
0,272
0,598
0,271
0,270
0,667
0,269
0,618
0,268
0,655
0,267
0,699
0,266
0,609
0,265
0,689
0,264
0,602
0,263
0,262
0,261
0,613
0,260
0,259
0,258
0,671
0,257
0,256
0,255
0,692
0,254
0,253
0,252
0,251
0,595
0,250
0,249
0,248
0,247
0,679
0,246
0,649
0,245
0,665
0,244
0,645
0,242
0,674
0,241
0,634
0,240
0,608
0,239
0,688
0,238
0,237
0,697
0,236
0,682
0,235
0,234
0,696
0,233
0,601
0,232
0,439
0,231
0,230
0,675
0,229
0,681
0,228
0,633
0,227
0,654
0,226
0,624
0,225
0,224
0,223
0,222
0,221
0,600
0,220
0,695
0,219
0,678
0,218
0,557
0,217
0,648
0,216
0,435
0,215
0,687
0,214
0,615
0,213
0,641
0,212
0,591
0,211
0,653
0,210
0,623
0,209
0,673
0,208
0,351
0,207
0,640
0,206
0,518
0,205
0,652
0,204
0,334
0,203
0,651
0,202
0,555
0,201
0,670
0,200
0,685
0,199
0,577
0,198
0,197
0,684
0,196
0,349
0,195
0,657
0,194
0,551
0,193
0,192
0,348
0,63
0,647
0,62
0,606
0,61
0,60
0,330
0,59
0,58
0,639
0,57
0,605
0,56
0,683
0,55
0,604
0,54
0,612
0,53
0,694
0,52
0,626
0,51
0,586
0,50
0,384
0,49
0,48
0,664
0,47
0,589
0,46
0,650
0,45
0,644
0,6
0,5
0,304
0,303
0,306
0,305
0,302
0,343
0,12
0,445
0,10
0,345
0,8
0,352
0,11
0,4
0,2
0,3
0,7
